The fixation probabilities: 
[[ 0.025]]
[[ 0.025]
 [ 0.025]
 [ 0.025]
 [ 0.025]
 [ 0.025]
 [ 0.025]
 [ 0.025]
 [ 0.025]
 [ 0.025]
 [ 0.025]
 [ 0.025]
 [ 0.025]
 [ 0.025]
 [ 0.025]
 [ 0.025]
 [ 0.025]
 [ 0.025]
 [ 0.025]
 [ 0.025]
 [ 0.025]
 [ 0.025]
 [ 0.025]
 [ 0.025]
 [ 0.025]
 [ 0.025]
 [ 0.025]
 [ 0.025]
 [ 0.025]
 [ 0.025]
 [ 0.025]
 [ 0.025]
 [ 0.025]
 [ 0.025]
 [ 0.025]
 [ 0.025]
 [ 0.025]
 [ 0.025]
 [ 0.025]
 [ 0.025]]

The first-order derivatives of fixation probabilities: 
[[ 0.96875]]
[[ 0.9625]
 [ 0.9625]
 [ 0.9625]
 [ 0.9625]
 [ 0.9625]
 [ 0.9625]
 [ 0.9625]
 [ 0.9625]
 [ 0.9625]
 [ 0.9625]
 [ 0.9625]
 [ 0.9625]
 [ 0.9625]
 [ 0.9625]
 [ 0.9625]
 [ 0.9625]
 [ 0.9625]
 [ 0.9625]
 [ 0.9625]
 [ 0.9625]
 [ 0.9625]
 [ 0.9625]
 [ 0.9625]
 [ 0.9625]
 [ 0.9625]
 [ 0.9625]
 [ 0.9625]
 [ 0.9625]
 [ 0.9625]
 [ 0.9625]
 [ 0.9625]
 [ 0.9625]
 [ 0.9625]
 [ 0.9625]
 [ 0.9625]
 [ 0.9625]
 [ 0.9625]
 [ 0.9625]
 [ 0.9625]]

The second-order derivatives of fixation probabilities: 
[[ 23.2621875]]
[[ 11.39757908]
 [ 11.39875573]
 [ 11.39921663]
 [ 11.39943809]
 [ 11.39956042]
 [ 11.39963486]
 [ 11.39968345]
 [ 11.39971689]
 [ 11.39974087]
 [ 11.39975865]
 [ 11.39977218]
 [ 11.39978273]
 [ 11.3997911 ]
 [ 11.39979785]
 [ 11.39980337]
 [ 11.39980795]
 [ 11.39981177]
 [ 11.399815  ]
 [ 11.39981775]
 [ 11.39982011]
 [ 11.39982214]
 [ 11.3998239 ]
 [ 11.39982544]
 [ 11.39982677]
 [ 11.39982794]
 [ 11.39982896]
 [ 11.39982986]
 [ 11.39983064]
 [ 11.39983133]
 [ 11.39983192]
 [ 11.39983244]
 [ 11.39983288]
 [ 11.39983325]
 [ 11.39983355]
 [ 11.3998338 ]
 [ 11.39983399]
 [ 11.39983412]
 [ 11.3998342 ]
 [ 11.39983423]]