The fixation probabilities: 
[[ 0.08]]
[[ 0.08]
 [ 0.08]
 [ 0.08]
 [ 0.08]
 [ 0.08]
 [ 0.08]
 [ 0.08]
 [ 0.08]
 [ 0.08]
 [ 0.08]
 [ 0.08]]

The first-order derivatives of fixation probabilities: 
[[ 0.9]]
[[ 0.88]
 [ 0.88]
 [ 0.88]
 [ 0.88]
 [ 0.88]
 [ 0.88]
 [ 0.88]
 [ 0.88]
 [ 0.88]
 [ 0.88]
 [ 0.88]]

The second-order derivatives of fixation probabilities: 
[[ 5.1368]]
[[ 2.37115301]
 [ 2.37491806]
 [ 2.37639227]
 [ 2.37709951]
 [ 2.37748834]
 [ 2.37772221]
 [ 2.37787101]
 [ 2.37796822]
 [ 2.37803116]
 [ 2.37806915]
 [ 2.37808708]]