The fixation probabilities: 
[[ 0.02222222]]
[[ 0.02222222]
 [ 0.02222222]
 [ 0.02222222]
 [ 0.02222222]
 [ 0.02222222]
 [ 0.02222222]
 [ 0.02222222]
 [ 0.02222222]
 [ 0.02222222]
 [ 0.02222222]
 [ 0.02222222]
 [ 0.02222222]
 [ 0.02222222]
 [ 0.02222222]
 [ 0.02222222]
 [ 0.02222222]
 [ 0.02222222]
 [ 0.02222222]
 [ 0.02222222]
 [ 0.02222222]
 [ 0.02222222]
 [ 0.02222222]
 [ 0.02222222]
 [ 0.02222222]
 [ 0.02222222]
 [ 0.02222222]
 [ 0.02222222]
 [ 0.02222222]
 [ 0.02222222]
 [ 0.02222222]
 [ 0.02222222]
 [ 0.02222222]
 [ 0.02222222]
 [ 0.02222222]
 [ 0.02222222]
 [ 0.02222222]
 [ 0.02222222]
 [ 0.02222222]
 [ 0.02222222]
 [ 0.02222222]
 [ 0.02222222]
 [ 0.02222222]
 [ 0.02222222]
 [ 0.02222222]]

The first-order derivatives of fixation probabilities: 
[[ 0.97222222]]
[[ 0.96666667]
 [ 0.96666667]
 [ 0.96666667]
 [ 0.96666667]
 [ 0.96666667]
 [ 0.96666667]
 [ 0.96666667]
 [ 0.96666667]
 [ 0.96666667]
 [ 0.96666667]
 [ 0.96666667]
 [ 0.96666667]
 [ 0.96666667]
 [ 0.96666667]
 [ 0.96666667]
 [ 0.96666667]
 [ 0.96666667]
 [ 0.96666667]
 [ 0.96666667]
 [ 0.96666667]
 [ 0.96666667]
 [ 0.96666667]
 [ 0.96666667]
 [ 0.96666667]
 [ 0.96666667]
 [ 0.96666667]
 [ 0.96666667]
 [ 0.96666667]
 [ 0.96666667]
 [ 0.96666667]
 [ 0.96666667]
 [ 0.96666667]
 [ 0.96666667]
 [ 0.96666667]
 [ 0.96666667]
 [ 0.96666667]
 [ 0.96666667]
 [ 0.96666667]
 [ 0.96666667]
 [ 0.96666667]
 [ 0.96666667]
 [ 0.96666667]
 [ 0.96666667]
 [ 0.96666667]]

The second-order derivatives of fixation probabilities: 
[[ 26.58493827]]
[[ 13.05712276]
 [ 13.05816868]
 [ 13.05857836]
 [ 13.05877522]
 [ 13.05888395]
 [ 13.05895012]
 [ 13.05899332]
 [ 13.05902304]
 [ 13.05904436]
 [ 13.05906016]
 [ 13.0590722 ]
 [ 13.05908158]
 [ 13.05908902]
 [ 13.05909503]
 [ 13.05909995]
 [ 13.05910402]
 [ 13.05910743]
 [ 13.05911032]
 [ 13.05911278]
 [ 13.05911489]
 [ 13.05911672]
 [ 13.05911831]
 [ 13.0591197 ]
 [ 13.05912091]
 [ 13.05912199]
 [ 13.05912294]
 [ 13.05912378]
 [ 13.05912452]
 [ 13.05912519]
 [ 13.05912578]
 [ 13.0591263 ]
 [ 13.05912676]
 [ 13.05912718]
 [ 13.05912754]
 [ 13.05912786]
 [ 13.05912813]
 [ 13.05912837]
 [ 13.05912857]
 [ 13.05912874]
 [ 13.05912888]
 [ 13.05912898]
 [ 13.05912906]
 [ 13.0591291 ]
 [ 13.05912911]]