The fixation probabilities at r=1: 
[[ 0.04]]
[[ 0.04]
 [ 0.04]
 [ 0.04]
 [ 0.04]
 [ 0.04]
 [ 0.04]
 [ 0.04]
 [ 0.04]
 [ 0.04]
 [ 0.04]
 [ 0.04]
 [ 0.04]
 [ 0.04]
 [ 0.04]
 [ 0.04]
 [ 0.04]
 [ 0.04]
 [ 0.04]
 [ 0.04]
 [ 0.04]
 [ 0.04]
 [ 0.04]
 [ 0.04]
 [ 0.04]]

The first-order derivatives of fixation probabilities at r=1: 
[[ 0.95]]
[[ 0.94]
 [ 0.94]
 [ 0.94]
 [ 0.94]
 [ 0.94]
 [ 0.94]
 [ 0.94]
 [ 0.94]
 [ 0.94]
 [ 0.94]
 [ 0.94]
 [ 0.94]
 [ 0.94]
 [ 0.94]
 [ 0.94]
 [ 0.94]
 [ 0.94]
 [ 0.94]
 [ 0.94]
 [ 0.94]
 [ 0.94]
 [ 0.94]
 [ 0.94]
 [ 0.94]]

The second-order derivatives of fixation probabilities at r=1: 
[[ 13.3192]]
[[ 12.87195306]
 [ 12.87571834]
 [ 12.8771932 ]
 [ 12.87790186]
 [ 12.87829326]
 [ 12.87853142]
 [ 12.8786868 ]
 [ 12.87879368]
 [ 12.87887022]
 [ 12.87892682]
 [ 12.87896978]
 [ 12.87900308]
 [ 12.87902928]
 [ 12.87905016]
 [ 12.87906698]
 [ 12.87908056]
 [ 12.87909154]
 [ 12.87910038]
 [ 12.8791074 ]
 [ 12.87911288]
 [ 12.87911698]
 [ 12.87911982]
 [ 12.8791215 ]
 [ 12.87912204]]
