The fixation probabilities at r=1: 
[[ 0.02]]
[[ 0.02]
 [ 0.02]
 [ 0.02]
 [ 0.02]
 [ 0.02]
 [ 0.02]
 [ 0.02]
 [ 0.02]
 [ 0.02]
 [ 0.02]
 [ 0.02]
 [ 0.02]
 [ 0.02]
 [ 0.02]
 [ 0.02]
 [ 0.02]
 [ 0.02]
 [ 0.02]
 [ 0.02]
 [ 0.02]
 [ 0.02]
 [ 0.02]
 [ 0.02]
 [ 0.02]
 [ 0.02]
 [ 0.02]
 [ 0.02]
 [ 0.02]
 [ 0.02]
 [ 0.02]
 [ 0.02]
 [ 0.02]
 [ 0.02]
 [ 0.02]
 [ 0.02]
 [ 0.02]
 [ 0.02]
 [ 0.02]
 [ 0.02]
 [ 0.02]
 [ 0.02]
 [ 0.02]
 [ 0.02]
 [ 0.02]
 [ 0.02]
 [ 0.02]
 [ 0.02]
 [ 0.02]
 [ 0.02]]

The first-order derivatives of fixation probabilities at r=1: 
[[ 0.975]]
[[ 0.97]
 [ 0.97]
 [ 0.97]
 [ 0.97]
 [ 0.97]
 [ 0.97]
 [ 0.97]
 [ 0.97]
 [ 0.97]
 [ 0.97]
 [ 0.97]
 [ 0.97]
 [ 0.97]
 [ 0.97]
 [ 0.97]
 [ 0.97]
 [ 0.97]
 [ 0.97]
 [ 0.97]
 [ 0.97]
 [ 0.97]
 [ 0.97]
 [ 0.97]
 [ 0.97]
 [ 0.97]
 [ 0.97]
 [ 0.97]
 [ 0.97]
 [ 0.97]
 [ 0.97]
 [ 0.97]
 [ 0.97]
 [ 0.97]
 [ 0.97]
 [ 0.97]
 [ 0.97]
 [ 0.97]
 [ 0.97]
 [ 0.97]
 [ 0.97]
 [ 0.97]
 [ 0.97]
 [ 0.97]
 [ 0.97]
 [ 0.97]
 [ 0.97]
 [ 0.97]
 [ 0.97]
 [ 0.97]]

The second-order derivatives of fixation probabilities at r=1: 
[[ 29.9098]]
[[ 29.43617652]
 [ 29.43805918]
 [ 29.4387966 ]
 [ 29.43915094]
 [ 29.43934668]
 [ 29.43946578]
 [ 29.43954352]
 [ 29.43959704]
 [ 29.4396354 ]
 [ 29.43966386]
 [ 29.43968552]
 [ 29.4397024 ]
 [ 29.4397158 ]
 [ 29.43972662]
 [ 29.43973548]
 [ 29.43974282]
 [ 29.43974898]
 [ 29.43975418]
 [ 29.43975862]
 [ 29.43976244]
 [ 29.43976574]
 [ 29.43976862]
 [ 29.43977114]
 [ 29.43977336]
 [ 29.43977532]
 [ 29.43977706]
 [ 29.43977862]
 [ 29.43978   ]
 [ 29.43978124]
 [ 29.43978234]
 [ 29.43978334]
 [ 29.43978424]
 [ 29.43978504]
 [ 29.43978578]
 [ 29.43978642]
 [ 29.439787  ]
 [ 29.43978754]
 [ 29.439788  ]
 [ 29.43978842]
 [ 29.43978878]
 [ 29.4397891 ]
 [ 29.43978938]
 [ 29.43978962]
 [ 29.4397898 ]
 [ 29.43978996]
 [ 29.4397901 ]
 [ 29.43979018]
 [ 29.43979022]
 [ 29.43979024]]
