The fixation probabilities: 
[[ 0.03333333]]
[[ 0.03333333]
 [ 0.03333333]
 [ 0.03333333]
 [ 0.03333333]
 [ 0.03333333]
 [ 0.03333333]
 [ 0.03333333]
 [ 0.03333333]
 [ 0.03333333]
 [ 0.03333333]
 [ 0.03333333]
 [ 0.03333333]
 [ 0.03333333]
 [ 0.03333333]
 [ 0.03333333]
 [ 0.03333333]
 [ 0.03333333]
 [ 0.03333333]
 [ 0.03333333]
 [ 0.03333333]
 [ 0.03333333]
 [ 0.03333333]
 [ 0.03333333]
 [ 0.03333333]
 [ 0.03333333]
 [ 0.03333333]
 [ 0.03333333]
 [ 0.03333333]
 [ 0.03333333]]

The first-order derivatives of fixation probabilities: 
[[ 0.95833333]]
[[ 0.95]
 [ 0.95]
 [ 0.95]
 [ 0.95]
 [ 0.95]
 [ 0.95]
 [ 0.95]
 [ 0.95]
 [ 0.95]
 [ 0.95]
 [ 0.95]
 [ 0.95]
 [ 0.95]
 [ 0.95]
 [ 0.95]
 [ 0.95]
 [ 0.95]
 [ 0.95]
 [ 0.95]
 [ 0.95]
 [ 0.95]
 [ 0.95]
 [ 0.95]
 [ 0.95]
 [ 0.95]
 [ 0.95]
 [ 0.95]
 [ 0.95]
 [ 0.95]]

The second-order derivatives of fixation probabilities: 
[[ 16.62722222]]
[[ 8.08559155]
 [ 8.08716042]
 [ 8.08777495]
 [ 8.08807023]
 [ 8.08823333]
 [ 8.08833258]
 [ 8.08839735]
 [ 8.08844192]
 [ 8.08847387]
 [ 8.08849754]
 [ 8.08851554]
 [ 8.08852955]
 [ 8.08854064]
 [ 8.08854955]
 [ 8.08855681]
 [ 8.08856278]
 [ 8.08856773]
 [ 8.08857186]
 [ 8.08857531]
 [ 8.0885782 ]
 [ 8.08858063]
 [ 8.08858264]
 [ 8.08858431]
 [ 8.08858566]
 [ 8.08858673]
 [ 8.08858753]
 [ 8.0885881 ]
 [ 8.08858844]
 [ 8.08858855]]