The fixation probabilities: 
[[ 0.02857143]]
[[ 0.02857143]
 [ 0.02857143]
 [ 0.02857143]
 [ 0.02857143]
 [ 0.02857143]
 [ 0.02857143]
 [ 0.02857143]
 [ 0.02857143]
 [ 0.02857143]
 [ 0.02857143]
 [ 0.02857143]
 [ 0.02857143]
 [ 0.02857143]
 [ 0.02857143]
 [ 0.02857143]
 [ 0.02857143]
 [ 0.02857143]
 [ 0.02857143]
 [ 0.02857143]
 [ 0.02857143]
 [ 0.02857143]
 [ 0.02857143]
 [ 0.02857143]
 [ 0.02857143]
 [ 0.02857143]
 [ 0.02857143]
 [ 0.02857143]
 [ 0.02857143]
 [ 0.02857143]
 [ 0.02857143]
 [ 0.02857143]
 [ 0.02857143]
 [ 0.02857143]
 [ 0.02857143]]

The first-order derivatives of fixation probabilities: 
[[ 0.96428571]]
[[ 0.95714286]
 [ 0.95714286]
 [ 0.95714286]
 [ 0.95714286]
 [ 0.95714286]
 [ 0.95714286]
 [ 0.95714286]
 [ 0.95714286]
 [ 0.95714286]
 [ 0.95714286]
 [ 0.95714286]
 [ 0.95714286]
 [ 0.95714286]
 [ 0.95714286]
 [ 0.95714286]
 [ 0.95714286]
 [ 0.95714286]
 [ 0.95714286]
 [ 0.95714286]
 [ 0.95714286]
 [ 0.95714286]
 [ 0.95714286]
 [ 0.95714286]
 [ 0.95714286]
 [ 0.95714286]
 [ 0.95714286]
 [ 0.95714286]
 [ 0.95714286]
 [ 0.95714286]
 [ 0.95714286]
 [ 0.95714286]
 [ 0.95714286]
 [ 0.95714286]
 [ 0.95714286]]

The second-order derivatives of fixation probabilities: 
[[ 19.94244898]]
[[ 9.74006487]
 [ 9.74140961]
 [ 9.74193635]
 [ 9.74218945]
 [ 9.74232925]
 [ 9.74241433]
 [ 9.74246986]
 [ 9.74250807]
 [ 9.74253547]
 [ 9.74255578]
 [ 9.74257124]
 [ 9.74258328]
 [ 9.74259282]
 [ 9.74260052]
 [ 9.74260681]
 [ 9.74261201]
 [ 9.74261635]
 [ 9.74262   ]
 [ 9.74262309]
 [ 9.74262573]
 [ 9.74262799]
 [ 9.74262992]
 [ 9.74263159]
 [ 9.74263302]
 [ 9.74263425]
 [ 9.74263529]
 [ 9.74263618]
 [ 9.74263692]
 [ 9.74263753]
 [ 9.74263801]
 [ 9.74263838]
 [ 9.74263864]
 [ 9.7426388 ]
 [ 9.74263885]]